# Label分類
## [改label]
因為Label錯誤 (eg. 13863、13967)
> 4, 19, 24, 47, 61, 93, 109, 152, 210, 229, 253, 270, 282, 285, 392, 421, 431, 502, 576, 601, 616,623, 626,656,666,674,686,711,714,720,737,750,758,769,806,820,843,911,922,940,975,984,1042,1057,1070,1123,1161,1163,1190,1209,1247,1250,8591,7753,8129,9577,6919,8806,6842,2126,2862,6474,8540,4004,7273,8829,2465,9699,6603,8596,5239,8660,5245,5598,5752,6922,2424,7126,4351,5807,5294,3466,3093,5442,3784,7074,4580,2700,2478,4234,7028,7847,6019,5706,6791,8680

因為label錯誤且為1.5個字 (eg. 14703、14710)
>4726,3836,1329,6934,7815,5674,6597,5662,4440,2282,166,7871,7339,2813,8992

因為label錯誤且為簡體字
>477

## [改成isnull]
因為有2個字 (eg. 15774、15811)
> 43, 121, 215, 304, 330, 494, 521, 586, 631, 706,871,872,991,1075,1097,6710,5592,3104,8121,9810,2918,4327,9273,3491,9752,6918,4446,7498,4907,2934,2629,2287,3167,3994,5370,1868,2993,3210,2500,5144,8509,7599,8542,6728,4019,7464,3778,4314,5561,8220,3067,5263,8170,7554

因為只有線條 (eg. 12690、12714)
>3269,5046
因為線條遮到 (eg. 14658)
> 32, 128,2693,

因為字卡到 (eg. 15840、15892)
> 298, 587, 860, 863,1024,1120,1177,1207,1224,1232,1270,5205,6149,1272,4442,274,2728,3109,4463,9299,7674,4513,9887,6741,6734,1838,6572,4719,1314,6509,1325,3639,2801,9705,1332,4296,6622,5791,1352,1953,1360,6395,7502,4534,2090,3145,38,8071,4937,2938,5875,2826,5189,6652,5904,3542,3103,5923,1600,4433,5220,5033,7158,7662,8618,2200

因為整個空白 (eg. 12201、12284)
> 8, 235, 376, 534,910,918,1018,1265,5279,4346,8274,7470,5565,5750

因為看不出來是什麼 (eg. 14166(stamp)、14309)
>71, 98, 132, 147, 149, 156, 277, 297, 315, 370, 411, 437, 465, 497, 498, 509, 545, 573, 600, 632, 655,669, 684, 713,735,738,744,782, 798,803,851,852,937,957,980,995,1077,1119,1169,1197,1201,1233,1240,1246,7431,2581,1288,7601,1292,2381,4947,1306,4975,6545,3125,8422,7559,1981,9581,4087,5477,9092,1594,6655,1626,5775,6217,1826,5778,924,1793,51,6816,6276,2729,3317,8960,9447,6311,9727

因為紅底沒字 (eg. 12747、14545(stamp))

因為黑底 (eg. 12240、13682)

## [沒改]
為簡體字 (eg. 12534、12573)
> 438,8400,4111,6114,9803

1.5個字 (eg. 13167、13175)
> 36, 51,85,94, 99, 103, 113, 123, 151, 166, 184, 196, 207, 240, 398, 405, 654, 701,717,732,813,823,850, 898,924,942,1041,1049,1064,1097,1108,1203,1754,1365,3715,5738,7244,5934,3183,7670,8822,5249,4726,4428,1902,1322,5763,7400,9740,7472,5908,3290,3547,3927,3076,7947,2570,3097,4769,6685,7246,8137,9722,9453,6210,6235,4431,8376,8799,2135,1108,1041,2406, 36, 2428,1862,8191,8414,9045,6402,9882,6188,4748,9709,1888,8107,9798

有其他線條 (eg. 13569、13756)
>5218

有紅色印章 (eg. 14865、14929)
> 302, 763, 956,981,8385,4987

字有卡到 (eg. 13270、13458)

字體翻轉 (eg. 13687、15201)
>202

彩色背景 (eg. 15493)
>6367,8901
