[改label]
因為Label錯誤： 50011(虫) 50052(達) 50163(大) 50193(客) 50215(芝) 50275(發) 50278(亟) 50301(張) 50307(寺) 50323(機) 50328(品) 50351(行) 50365(玉) 50375(金) 50377(委) 50385(用) 50418(行) 50423(兒) 50443(朝) 50465(局) 50486(裕) 50505(果) 50522(材) 50523(倉) 50591(德) 50640(管) 50643(女) 50733(彩) 50717(貿) 50796(代) 50807(島) 50809(設) 50818(保) 50883(科) 50909(行) 51006(仲) 51095(德) 51119(有) 51125(份) 51157(航) 51180(佩) 51191(春) 51206(瑩) 51268(業) 51285(員) 51441(立) 51455(有) 51467(有) 51491(田) 51516(有) 51610(行) 51640(購) 51641(限) 51651(永) 51702(社) 51768(國) 51854(文) 51863(社) 51929(金) 51934(倉) 51983(茹) 52005(木) 52020(市) 52052(蓉) 52114(居) 52127(品) 52161(瑪) 52235(大) 52236(運) 52241(股) 52243(股) 52275(倉) 52291(機) 52389(吳) 52408(蘭) 52430(限) 52661(車) 52679(科) 52692(漢) 52780(合) 52792(華) 52815(諒) 52852(倉) 52905(汝) 53058(親) 53095(品) 53103(資) 53125(行) 53135(勳) 53250(會) 53251(行) 53260(妮) 53267(股) 53282(企) 53295(門) 53316(資) 53359(觀) 53418(割) 53445(行) 53584(限) 53612(屯) 53622(海) 53629(需) 53711(朋) 53850(工) 53859(社) 53968(證) 54094(穎) 54109(小) 54229(腦) 54234(讀) 54236(貿) 54237(鋼) 54246(份) 54248(社) 54297(祝) 54312(記) 54316(辰) 54345(薪) 54398(股) 54399(企) 54485(真) 54551(銀) 54560(林) 54582(動) 54658(環) 54683(資) 54823(管) 54838(家) 54847(司) 54860(運) 54903(管) 54909(營) 54957(管) 54959(途) 55018(網) 55023(吟) 55077(金) 55087(公) 55195(理) 55296(方) 55367(有) 55399(次) 55405(昇) 55455(開) 55496(威) 55518(局) 55521(可) 55526(力) 55578(斤) 55590(醫) 55602(滄) 55670(有) 55747(令) 55896(法) 55902(有) 55984(有) 56029(宸) 56073(易) 56081(蓁) 56094(傑) 56109(限) 56169(言) 56197(教) 56204(淑) 56215(限) 56251(金) 56346(用) 56419(像) 56426(員) 56437(大) 56465(環) 56525(合) 56603(嘉) 56636(有) 56701(統) 56730(款) 56774(狼) 56803(台) 56828(均) 56835(管) 56856(員) 56858(管) 56882(公) 56909(白) 56946(有) 56954(航) 56961(琅) 56964(賓) 57084(收) 57119(界) 57135(璞) 57160(黃) 57172(金) 57262(豐) 57296(分) 57404(會) 57445(股) 57464(事) 57476(屬) 57517(股) 57560(券) 57596(會) 57601(瑞) 57628(賢) 57667(包) 57682(兒) 57686(有) 57701(期) 57757(股) 57793(裝) 57802(祥) 57813(保) 57847(理) 57855(泰) 57872(聯) 57887(電) 57906(紀) 57936(大) 57943(順) 57963(電) 57970(店) 58000(專) 58004(貿) 58005(分) 58013(行) 58105(際) 58121(有) 58132(有) 58186(贊) 58264(豐) 58302(智)  58323(町) 58382(工) 58396(報) 58422(和) 58460(領) 58609(律) 58686(恩) 58732(二) 58740(立) 58764(市) 58804(貿) 58893(專) 58952(機) 58984(廠) 59056(祥) 59112(全) 59115(空) 59175(農) 59189(打) 59201(有) 59262(測) 59306(科) 59365(銷) 59489(券) 59512(生) 59544(貸) 59576(密) 59645(源) 59647(爾) 59666(建) 59679(光) 59686(科) 59692(喬) 59693(科) 59708(診) 59712(有) 59734(醫) 59744(國) 59755(司) 59766(屋) 59799(司) 59803(置) 59842(冷) 59849(業) 59855(有) 59876(陳) 59987(師) 59986(郁)
因為label錯誤且為1.5個字： 50035(捷) 50212(分) 50437(份) 51652(源) 51906(股) 51949(有) 52159(國) 52734(君) 52803(股) 52945(有) 52990(行) 53088(委) 53148(有) 53278(股) 53465(冰) 54069(市) 54387(所) 54516(洋) 54777(大) 54985(股) 55040(告) 55134(數) 55191(鴻) 55437(券) 55469(股) 55470(有) 55808(樂) 55032(有) 56403(技) 57093(體) 57321(義) 57465(敏) 58840(花) 58918(居) 58982(密) 59057(程) 59152(商) 59415(務) 59542(膠) 

[改成isnull]
因為有2個字： 50242 50281 50296 50299 50456 50464 50521 50636 50664 50691 50721 50745 50751 50806 50811 50819 50864 50885 50887 50914 50915 50990 51039 51116 51185 51217 51329 51330 51392 51393 51413 51581 51708 51721 51783 51921 51989 52101 52150 52222 52227 52233 52274 52457 52532 52631 52688 52849 52865 52866 53065 53146 53172 53223 53245 53345 53530 53645 53651 53719 53751 53812 53828 53854 53870 53881 53894 53897 54057 54070 54175 54189 54208 54228 54310 54321 54335 54380 54382 54394 54404 54443 54473 54520 54557 54562 54584 54612 54630 54672 54707 54746 54758 54771 54839 54844 54853 54876 54894 54899 54934 54960 55036 55057 55083 55206 55267 55297 55307 55464 55475 55473 55552 55571 55692 55696 55728 55765 55791 55795 55898 55931 55991 56040 56055 56126 56170 56188 56191 56210 56263 56274 56333 56338 56360 56366 56370 56399 56455 56533 56537 56627 56682 56699 56703 56761 56776 56778 56919 56929 56973 56993 57019 57050 57097 57208 57273 57304 57372 57410 57529 57562 57570 57580 57824 57839 57856 57865 57873 57989 57991 57994 57997 58029 58031 58045 58074 58111 58213 58218 58339 58540 58566 58586 58628 58563 58818 58828 58837 58888 58954 58958 58961 58980 59021 59029 59033 59090 59107 59113 59136 59193 59221 59223 59275 59396 59573 59652 59687 59724 59747 59754 59870 59885 59907
因為只有線條： 50655 51256 51333 51535 51577 51564 52822 55186
因為線條遮到： 50439 54518
因為字卡到： 50025 50569 50766 50838 51043 51076 51331 51524 51784 52504 52505 52924 53370 53444 53757 53760 53873 53874 54160 54307 54308 54315 54365 54421 54447 54559 54725 55788 55811 56099 56445 56446 56514 56580 56665 56807 56923 57224 57437 57471 57524 57760 57765 57904 57996 58006 58042 58484 58511 58554 58582 58983 59013 59154 59162 59722 59731 
因為整個空白： 50164 50306 50332 50603 50607 50919 51113 51211 51434 51569 51833 51967 52021 52355 52388 52400 52529 52787 53034 53266 53332 53508 53753 53900 53963 54203 54206 54411 54479 54680 54695 54881 54882 55067 55088 55459 55462 55538 55766 55829 56471 56920 56971 56999 57152 57198 57358 57386 57710 57828 57833 57975 58488 58507 58595 58944 59019 59515 59527 59838 59882 59909
因為看不出來是什麼： 50039 50167 50345 50450 50503 50705 50823 50928 51063 51355 51556 51634 51743 51923 51945 51982 52025 52136 52201 52438 52468 52579 52589 52763 52987 53104 53143 53227 53261 53456 53461 53524 53635 53758 53791 54042 54059 54294 54393 54426 54471 54507 54527 54531 54532 54546 54564 54733 54751 54766 54767 54855 54913 54969 55064 55113 55132 55236 55314 55519 55549 55622 55683 55717 55754 55867 55874 55879 55900 56245 56306 56313 56449 56506 56651 56729 56790 56947 57022 57132 57214 57315 57320 57478 57526 57576 57577 57921 57988 58051 58317 58328 58380 58654 58716 58937 58997 59006 59123 59155 59197 59220 59229 59257 59416 59525 59563 59761 59788 59806 59833 59910 59937
因為紅底沒字： 51017 58489
因為黑底： 59117
印章蓋到： 50695 52051 52917 53673 54930 55606 57248 57332 57764 57892 57951

[沒改]
為簡體字： 50454 50999 52417 53835 55233 55331 56422 57467 57666 57819 58348 59417
1.5個字： 50054 50114 50161 50228 50274 50673 50717 50753 50823 50827 50861 51237 51402 51430 51622 51633 51638 51717 51864 52293 52491 52781 53195 53303 53513 53613 53647 54062 54824 54914 55118 55146 55193 55268 55279 55498 55520 55532 55735 55742 55759 57131 57232 57480 57539 57681 58223 58503 59202 59452 59589 59824 59836 59965 59995
有其他線條： 51249 52509 52970 53094 55053 55072 55110 55558 55761 56461 57061 57239 59868 59952
有紅色印章： 51790 53155 54830 55514 55781 58498
字有卡到： 50123 50926 51270 51403 51408 51437 51713 51762 51957 52793 53516 53646 53983 54199 54246 54790 54793 54812 54988 55042 55243 55352 56144 56328 57027 57064
字體翻轉： 50531 50604 50748 52410 53362 58238 59553
彩色背景： 51880 57432